6579
2799
1747
6514
5861
1452
6799
1779
4405
4105
6094
0112
6474
2495
5122
6820
3449
5768
6734
5556
6875
0216
3036
6790
6968
1614
0747
6765
1366
3351
2809
2009
2752
4805
1555
3980
5264
2852
6502
1819
1896
5979
0342
6120
4495
6168
6041
4321
5606
2794
6796
0790
4999
4510
2883
0701
0827
0598
1275
6539
0487
0198
2098
6223
3282
2587
1092
4002
3936
3011
6847
0403
3979
4440
2150
3270
5380
2299
1853
5460
0934
5369
5707
0957
5901
2383
1641
0426
1632
5796
4698
5726
0863
0650
2870
0054
6309
6789
0419
6268
2621
3060
4127
1291
0172
1717
2964
0766
5710
5215
2351
0669
0509
2406
6826
4547
4397
1059
5167
0984
6324
1550
6760
2077
0063
5676
6175
5029
1860
2968
6027
5835
6098
3018
6858
4940
7078
1752
5473
0199
1164
6137
3970
5468
4422
3801
6338
3486
2825
6737
4469
6590
6856
6621
3349
2743
6103
2948
6082
2616
6925
6303
6433
1881
2993
6092
2426
0860
4633
4346
4223
0377
0456
3318
1702
2283
3542
5838
3769
4540
5810
4934
4187
6371
6487
6813
3314
5864
5403
2354
0436
5535
6812
1045
5924
0971
5389
1230
5888
5581
3142
6622
5515
1132
6034
1774
7109
5222
1083
6401
0264
3177
4213
0544
5478
5763
3559
5687
3169
1343
6280
0528
4406
2671
6917
3981
0736
4753
5518
1815
2901
3289
5466
6682
4049
4180
6366
1068
0375
0742
3871
5899
1434
0031
4857
0958
6829
0047
1406
2078
5741
3944
4259
3752
1746
5627
3761
3785
5624
5201
5457
3904
3661
1376
6185
3102
5310
5814
4952
4704
6986
0897
4381
2980
5306
1878
6081
1287
6428
6898
5293
4460
3471
4967
3085
0295
4683
0908
2522
3200
5433
4432
4372
6803
4287
3181
7057
1085
0315
3245
2341
0349
0187
6169
1371
6506
0389
2649
5564
0318
7067
3855
0502
1084
2319
4329
0308
1937
2532
3492
7045
1224
3430
0864
5449
1716
1875
2345
1739
1337
0866
5028
3302
6948
1773
2697
2716
4922
0347
4769
0641
0986
0798
3692
1117
4429
0410
0126
1166
5640
5610
4561
2912
1031
6354
5196
6374
0686
4118
2874
4831
7051
1419
4446
2673
4452
4691
0391
0489
0228
4185
1893
0841
1325
4281
1049
3695
3988
0940
4699
5350
1629
0022
4466
6971
1607
1149
5129
2315
6892
2055
2456
6889
2014
0242
3729
0157
7006
3082
0521
4763
2554
2327
4505
1391
7101
0348
2630
2923
2046
4391
4613
0515
6636
4806
0482
6006
6540
5826
5639
3728
6409
1113
1477
0015
3286
4970
4675
0271
5299
3821
4799
0247
2866
1676
3512
6052
5407
4539
0782
0535
0244
6042
3608
4263
1543
4865
1839
2264
1517
5898
0399
1801
1336
0467
3741
0323
2699
2726
4075
4992
1920
5989
4350
5990
2976
2070
2011
4174
0795
1946
5395
6703
6461
6157
2343
0816
4898
2382
3824
5618
3126
0973
0684
1576
5360
6979
1871
3175
6717
2065
5816
6216
2781
6550
0849
5013
6954
4493
2257
5952
6132
5599
6606
5940
0385
2326
3882
2439
5103
6867
6143
2007
5034
5191
0776
2463
3506
1484
1956
0437
3622
3845
4628
5334
5182
3012
4139
2857
1417
5878
5305
0554
4997
5244
5368
1622
3405
5324
0324
5072
0720
0504
2988
5975
6158
3500
2824
0163
1126
3928
6591
5823
1143
0383
2023
3563
0543
4268
0221
2238
1137
6352
1866
1957
1907
6936
1989
1741
5253
5749
2242
4454
3913
5125
5153
1223
5420
3069
4436
2112
5481
6496
2418
3510
0395
1367
3352
2379
2145
6635
3910
0775
0492
3877
1432
3536
5189
1573
6614
3567
3376
3488
4340
5323
2762
6767
7043
3808
1282
6399
5534
0035
3555
5846
6274
5151
6088
2124
3702
4262
5506
5139
5524
0605
7022
0472
5224
5645
4146
2583
4690
0188
1299
5069
6586
1775
7042
1284
6881
2590
0653
2240
1735
2906
2473
0902
1765
5895
4552
4048
6349
2538
1386
0938
2525
6165
4598
7050
5110
7103
1116
1861
4155
6080
6882
4416
3104
6040
4357
2733
1690
6031
0820
0093
6063
3025
5959
2305
1001
2316
1447
6766
2475
5608
0138
4415
0550
1199
1187
5260
4179
1038
1293
2190
5424
3401
1295
1495
4982
6817
3763
3703
4702
3381
2913
3964
0346
6122
2028
1308
0620
2365
0822
5800
1333
5964
1621
6893
3721
1267
7053
6068
5106
5685
0045
5331
2526
4664
5340
6571
6996
4900
1645
1375
2561
5059
5161
4825
6725
5700
5217
2695
2469
1596
3643
3198
6458
5020
6176
2589
6260
0758
3775
0238
2142
2422
5398
3802
0339
3112
6007
3370
0043
6930
5492
4082
2519
1014
3916
5604
1857
5187
4586
4966
4313
3754
1822
2158
6786
5923
0664
5828
6410
3561
2482
3823
0218
2941
4761
3150
6562
1714
4365
1912
5626
1979
0125
5931
2366
1397
6310
5669
5951
3377
5388
4600
0215
1054
2037
4551
5088
5401
5582
0762
1445
1188
4932
6874
4592
6955
4880
1884
4419
0152
4843
2179
1827
6195
3851
2170
7092
5868
4668
5690
4616
3870
1936
2344
2200
0213
3603
3993
6680
1220
6220
1044
2505
6032
5805
5657
0695
3868
6712
1392
2163
6944
1159
4438
5808
3805
2713
3251
6827
6365
1170
3336
0210
6676
0070
0180
0591
5654
4916
5734
5204
6251
0564
6440
6876
1604
0917
1638
3162
4937
0477
0255
0946
2083
1778
6608
4736
5621
4056
1242
2955
3141
6848
3742
3626
5991
5017
4015
3174
1355
0130
3081
1237
6024
1559
4594
5425
7030
0246
2588
1561
6597
2507
6172
3809
0868
4126
6197
5746
0587
3850
7090
4352
5772
4022
6073
2449
6373
6170
2551
3914
3655
5339
0646
4465
4728
2706
2963
7135
4302
7052
5647
4225
5946
4032
4863
5558
1630
2896
0132
3771
6016
5261
1515
5950
5665
1593
0386
6427
3341
0716
5021
4233
2840
5192
4869
5841
4892
4735
3420
2696
3042
4084
3929
6541
1923
6985
0076
3859
5470
0560
2978
3436
1583
4623
4104
2899
6648
2544
0764
5409
2089
1260
0933
0376
5392
0059
0267
1098
3228
1787
4369
0090
6181
6507
6173
2125
6736
3651
6530
0369
4208
0131
4279
3687
5289
3557
3146
3295
3096
2099
0956
5914
0818
1051
6452
3051
0366
1572
1191
0162
0886
4218
4845
1754
0715
4752
5301
1927
0580
5279
0066
4923
6535
1909
7019
5817
2064
4921
2044
0823
2791
5664
0212
6645
2060
3713
3545
0524
2474
0107
2949
2493
2208
2491
0997
5636
5037
4464
5493
6213
2274
3706
6924
4861
0719
2211
1180
4853
4836
4961
3529
5577
1910
3339
1719
5194
2453
1141
5904
2390
3481
4152
2944
5185
5082
1388
0468
7032
3701
6160
6389
5442
3978
0087
0547
1077
3811
3380
4957
0813
3442
4826
0424
1323
0839
4232
4059
5716
4842
5180
1234
1319
3384
5482
0364
2917
5055
5718
5092
1058
3975
2798
6083
6695
4979
1036
2837
6447
3776
5465
3033
5977
2026
4680
2167
2290
0892
1457
3404
0799
6350
4176
1449
2470
6761
0002
1982
4611
6101
3319
6459
2904
3686
6332
1123
5242
3299
5117
5544
5680
6821
1535
1805
6205
5315
5572
2485
5656
5562
4595
0568
0862
5856
1785
6001
2550
4741
3043
1934
4526
0081
4645
3968
4394
5742
4006
2618
1556
7008
5062
5790
7028
4544
2996
4671
6019
3898
4568
6444
0985
4081
6649
3008
4260
0562
3887
3595
4301
1804
0768
4858
5740
0792
1552
5383
0237
3656
1846
3787
5622
6869
6612
3029
1563
2763
6777
0299
0253
3573
3078
4823
2651
2258
6910
3560
3783
1104
3986
0584
5497
6809
4780
2900
3792
3748
1213
1605
5919
4014
2641
2672
5060
1895
5032
0266
1919
0329
0231
7016
0101
4571
0154
6684
6369
0378
4626
2031
6282
0268
1810
5472
2750
1305
4712
0773
2720
4324
6543
1429
5181
4549
0867
2029
2627
0085
0870
5840
0390
1382
4933
3213
1421
6670
0150
3660
0447
3184
3992
6473
1691
2691
1654
5450
2831
4252
6731
4407
3917
3040
4122
3522
2050
4915
2790
3709
1903
3306
4323
5516
0899
7058
6575
6897
3144
2097
2340
4475
0631
7020
4320
0769
3589
2032
6407
5698
6281
6742
3903
5973
0954
0326
3818
1695
2596
7105
1996
4129
1574
3045
4388
0122
1873
2653
2177
5251
4905
3330
6180
6624
3494
6749
0594
2293
0525
6253
4261
4401
4920
7024
0661
2827
0812
5386
5087
2812
5972
2489
0891
6020
1652
3340
2734
6732
2499
0431
5783
4455
4990
4570
3005
3118
3117
1965
5344
2184
2821
3484
3061
0144
6834
2985
0333
6129
4003
1202
5365
3983
0670
2528
2396
4994
2940
0454
1274
0672
5504
5723
3598
3218
6477
3355
2217
0380
5134
3858
4007
2160
4062
7128
0298
3357
0635
6055
1973
6794
2765
4402
4247
3254
7066
6445
4119
3135
1119
1097
0026
4849
0692
7033
1302
2159
2973
3654
2527
1678
0835
6413
2506
4717
2602
0767
1833
1524
3640
6265
1040
3527
1843
5280
4457
3666
4309
3554
1972
6464
5014
4199
0275
4693
3946
3176
2368
4295
1898
2314
6999
3599
2166
1970
6715
2104
1620
4513
5190
4286
1073
6328
4641
1167
2320
0936
2462
1508
0058
1610
1504
3795
1697
3768
5371
2041
3359
2510
2191
1349
5269
2149
4005
6400
3533
3842
5052
3273
5953
5793
0379
1642
4974
2058
5971
0674
7001
0445
4490
1046
6291
2895
0320
4737
6627
0693
3105
5035
6634
4217
1463
3895
4866
6630
1816
1055
2005
7139
6336
4328
6938
4746
1498
3019
0648
3188
2961
1131
5404
3454
0490
6471
0033
7026
6210
5821
0048
3017
0888
2529
1961
0455
4833
0314
0680
3297
6353
5692
5356
6017
0698
5684
4298
7138
3199
0548
0204
3584
1442
4528
0293
2712
6231
1088
2284
4604
6453
1838
2882
1189
1496
3411
1527
3704
1749
5770
2328
5177
2417
6290
0803
1405
2021
1396
1485
4827
0783
1487
5824
7014
3625
5203
2371
5152
4989
2751
4579
4555
2504
4503
0522
3039
5788
3325
3786
7059
0972
3324
3087
3872
1625
2102
5111
0393
5974
1006
1790
4206
1174
4371
5335
2777
3921
4511
3409
6573
6563
4242
5045
1603
2769
5176
6551
6339
0229
4307
3762
6218
5491
5533
6806
3424
2221
2610
1028
0555
2178
5948
4965
0666
4911
5148
1713
4685
6923
3683
3237
5126
2120
4546
4428
1472
5614
5438
4133
6762
1793
0020
4969
2271
2542
0086
0497
1438
1217
4390
2209
6652
1300
6592
0460
4338
6030
4487
5397
1327
1797
3839
3097
5284
3164
4674
6121
5536
6404
3977
0225
0505
5759
3815
6943
0365
4336
2855
1506
2082
3963
4116
0910
5561
0817
6841
4556
6787
6348
3827
2063
0583
0807
2246
3948
6793
3263
3960
6347
2877
2924
6288
0277
0206
1933
1416
7004
2531
3804
6219
4501
3185
3210
1505
5938
5416
6577
2488
4774
5115
4403
1168
6527
2001
4102
2121
6036
6403
2298
7055
6367
4981
6391
3426
5372
1991
5797
6658
0616
5091
0815
4450
4312
0955
5328
0994
0748
6312
4175
5304
1130
6912
4534
6145
2347
3197
0110
2397
1255
3546
0856
4870
5992
6054
5681
3451
1944
3205
3681
1780
3912
2025
0778
1548
0700
4978
2472
5487
4573
6071
0926
6116
3669
2534
3924
1578
2429
5452
1310
2704
4751
4862
5851
2679
2119
3727
1326
3464
0945
0322
4303
2052
3896
2553
3949
2594
0753
6792
7047
6939
5724
5873
3316
6289
5158
0645
0831
2199
2291
1395
6933
2849
6140
2501
4120
5632
6313
2093
6306
6655
4412
4574
0615
3553
5585
6150
0794
1858
4844
6138
3015
0412
3348
0770
6619
5629
6538
2172
4796
4398
2334
0050
6201
2650
1288
5427
4747
4200
2263
2745
0416
2909
5321
1460
3116
5784
2002
6061
6643
4078
5322
3215
4017
3679
5811
2048
6852
5939
5065
7005
3121
4811
5966
0257
7116
2705
5771
0658
3448
3350
5358
3806
4643
2432
1976
2122
5288
4497
3558
6035
6028
1091
3094
0133
6067
1771
4988
3305
4385
2436
2779
4439
3652
6484
2420
6100
4612
0750
0457
3800
5140
6931
0274
5351
2186
6064
4041
1856
1390
3515
4376
1595
4427
5096
6722
4264
1889
4788
0639
0809
2376
3293
2318
6617
4956
1128
2530
5000
0356
2654
3480
0961
2908
2103
6495
5114
6745
4215
3222
7012
4851
4740
0330
2863
4847
3167
6118
2559
3473
5308
3472
4425
1707
3101
1209
0660
1507
0359
4292
5298
6510
6884
0879
1600
3006
6323
5229
5729
1948
6358
1877
3398
0280
4203
1312
0884
4063
6660
6916
4765
3247
3323
3364
3322
4748
5447
6542
5095
2974
2714
1034
5781
5845
6851
6155
0928
2414
5236
6414
5077
3076
6741
4689
1669
2846
1675
3389
2034
5663
2081
4162
1144
5462
7091
2560
4576
4040
6690
2012
1636
5136
0636
0951
6109
6394
3138
1469
6970
0507
0703
5584
7060
6217
6743
0791
0873
1270
3095
0846
2761
6058
1969
6292
6746
0765
1047
0582
4253
2836
4572
2127
4034
1455
3107
5064
2075
2137
2019
6849
3930
4368
4764
3342
5408
6294
0632
0345
3513
1689
3922
1806
2251
0186
1935
2635
1351
6261
6988
6557
4470
0988
3613
0337
5896
5505
5855
5109
3148
0569
6937
5583
0283
6015
6491
6515
1226
0991
6417
3196
0575
6207
1643
5080
5274
7102
4335
4642
6115
1330
6314
1531
6327
3396
1115
4667
0325
2915
2730
4755
3187
0861
5327
1840
6613
1869
0604
0018
0617
5235
3718
0623
4166
6322
6384
2576
2398
4227
5728
6747
2873
3876
5347
5173
6740
0461
6679
3891
6398
1216
5098
2024
6177
4113
1646
2570
0065
1254
0005
2595
0432
4679
1802
5015
1011
5282
2309
3604
1207
2322
0438
4254
3819
1894
2279
0317
4099
4380
4448
6839
1094
0760
0923
0771
3296
1145
4720
2335
6838
2876
5381
3052
1743
0008
4121
0233
4326
4387
1350
4926
2313
0176
1851
5916
3803
6460
1528
5157
2703
0434
1345
7134
1911
3379
0532
6814
1980
2373
6084
1817
3638
6151
4442
1301
4644
0260
0845
0037
4219
1197
1194
1338
4228
2907
1075
2966
0214
7089
5691
6995
4813
6125
1864
7107
5713
2936
0435
0174
2539
3759
2036
2958
5067
4686
3088
5320
5578
3796
1848
6467
4530
4343
3878
4325
5735
3753
3597
4810
3862
6106
5885
2632
6692
1403
3310
3611
2670
1831
4202
0852
5225
4684
4013
4271
6830
5590
4039
6701
3356
3956
4560
0915
3817
0859
6142
6958
3645
3572
5967
4459
1581
2223
0707
6386
3577
3386
2155
6946
3483
1437
1824
0421
3193
7031
5352
6450
3610
5390
3317
1513
0537
4382
3261
5423
6406
4344
1446
1738
1926
2732
0168
4308
4033
5145
3694
2971
0465
2273
4653
6656
4815
4682
1763
3028
6915
3195
6163
6974
1008
3004
2626
3192
4665
0488
1942
5445
1662
1664
1867
6438
0609
3722
6868
4742
4447
5337
0170
2367
2385
1532
2143
0004
5270
4408
3888
1303
3724
0708
6807
6665
5552
4476
2578
2286
2887
1041
6900
3419
5200
2793
6293
6091
2387
3439
5803
0690
4194
4786
4399
6130
2135
6057
0619
6096
4985
3241
5255
4832
5877
6362
7113
5526
3022
7036
3119
3321
0243
1589
5202
4410
0082
5147
7076
4378
0977
3343
0102
1880
0540
2275
0193
5513
2637
4130
5271
4046
2500
0136
5867
0219
2304
0306
2480
1427
4756
3435
5314
3612
3145
3881
3034
2133
0882
1150
3857
3636
2807
0847
2350
1219
4939
3294
1468
3959
2623
1026
6315
4272
0028
1307
3277
6533
6865
3982
1107
0722
0040
1945
0428
2175
6709
6646
1025
6840
2693
1997
0671
6446
1151
4958
4744
6212
4983
0030
0949
4818
2871
3807
0451
1568
7039
1986
4489
6798
3890
0969
3331
3852
2593
3133
1315
6903
3229
0761
6283
4991
6549
1726
7023
7136
6603
5900
3678
1729
5701
5338
1609
5733
5036
2749
0743
4609
2389
4393
4766
4987
3788
4112
0382
5976
3884
0160
0705
3653
2746
6754
6357
4984
5850
6887
1640
6062
5787
1900
6854
5391
0301
4024
1165
6152
2633
7038
2565
5854
4514
1195
3236
4559
1181
3989
3739
5695
3365
3190
7034
3074
2584
4848
3961
4681
4431
2929
6254
2803
4687
3062
2205
0425
5602
2280
6659
5178
0127
4771
2400
7106
5108
4581
3120
4421
3394
6965
4172
1398
6788
4964
5764
3179
2709
3550
6873
1024
2569
3031
2865
6259
5385
6480
1491
6230
4304
1855
1258
4467
3908
5212
4189
3467
6505
5332
3501
4904
0963
3832
3564
6325
2476
4778
2690
2817
2718
4607
6117
3344
2255
7003
6626
4864
6976
4010
0576
4373
1063
3590
4085
4887
4021
0371
2922
4248
1994
4919
2666
3866
6190
1862
4131
2606
1720
0021
3041
5719
5858
6589
2338
4478
0010
5033
1908
4020
1494
3211
3779
5124
0696
0166
3495
4775
0824
5712
0495
0974
1509
1694
0712
1820
2446
4563
1450
4732
1766
6862
5870
0549
3707
1655
2269
5891
4537
4835
0148
6423
1685
3620
3711
1762
5097
5071
4409
3383
2448
2848
7035
0075
6878
0721
4855
4481
6554
1488
6266
6729
0802
0733
3248
4558
3283
0542
0164
6781
3452
1792
2502
0083
6618
2757
2782
6204
2442
6178
1061
1005
6587
6891
1616
4972
1332
5258
5243
2858
2022
2460
2445
6602
5063
5789
4846
3244
4496
4867
0096
3433
4610
6899
3784
2508
6707
5291
1433
2129
2015
3032
1916
0739
6685
3976
5415
3234
5807
3675
4850
4353
0806
0368
5969
5008
1905
6225
2698
6785
1705
5061
4098
0032
3347
5342
5557
1725
4621
2778
1249
0520
6953
4453
3570
4776
4086
2138
2838
4196
4884
0052
0222
2967
3478
3491
3733
3346
6255
2770
4891
5725
2234
1829
6326
0319
1004
2788
4822
4044
6640
5265
1592
4354
0453
6364
1730
2250
6105
5922
5207
1943
0655
0602
3617
6494
3021
2040
1656
1225
3938
6356
6319
2937
3091
5471
4941
7130
1489
5988
0156
4396
3453
0937
3092
5633
2715
6698
3338
4784
2972
0512
5879
0979
2206
6871
1847
0016
3869
5257
3469
6443
4797
2947
6026
6581
2642
2478
6819
2617
6768
2253
1377
4012
4545
4310
3067
5043
0024
6420
0396
6308
5650
0252
3641
3734
2702
5068
2557
4521
6780
6942
0871
6978
5592
0041
3482
6593
0357
5662
0159
1102
5907
1037
1122
3630
4821
3933
6521
3489
6344
2195
0895
2979
5364
0993
1971
6960
4509
6229
5250
2114
2977
3208
3765
6818
1414
1328
2219
4954
6244
1266
4244
5155
2262
4211
2677
3541
4710
5458
6993
0106
3140
0920
2267
0500
6908
0989
4814
1575
0608
1142
0134
6482
2931
6153
0825
0656
6277
2934
6735
4935
1514
0784
6198
3672
4697
6200
2844
2421
6997
6693
3301
5589
1263
6192
3793
1545
5266
4238
6287
3732
6708
4896
4678
2624
6503
2629
3252
2640
2815
3985
5553
5345
2644
5671
4973
0581
5980
4758
6647
6750
6864
4341
6609
6076
5316
3403
0571
2285
6861
1112
6060
7119
5547
6256
3530
7007
2707
1767
4944
0418
5937
4550
4730
4246
0118
3007
2226
5780
2181
4781
6565
3578
1770
2412
1430
5721
3477
4554
4424
6376
4437
3437
1029
0805
5514
0111
6053
5273
5935
3831
1930
0595
3973
0624
2533
0420
3287
0143
2454
4094
3633
5833
2999
1066
4666
6196
4888
6355
0998
4655
3292
5004
2450
2424
0514
2113
1060
3470
3397
4908
3705
3408
5277
1868
6264
4047
3667
2090
4708
2634
2556
2786
2374
2987
3353
2464
0013
0113
1380
3463
3128
1439
0929
4721
1294
3730
1958
3906
5611
5745
5446
4273
3505
5428
3716
4413
1584
3616
5767
6455
6134
1672
2310
2599
6697
4838
3659
5941
5872
1153
4275
4651
1876
6678
0044
5705
3124
6528
0227
6952
2477
3171
4316
2117
1292
3609
1888
4522
4800
6537
1222
1964
4901
7013
1356
1547
5022
5009
0484
3816
2869
6572
1278
4840
4435
5747
2260
4803
1140
2229
0754
4231
2722
3502
3390
6111
2668
4153
1601
6245
2392
2084
4976
1786
0634
5366
4284
0914
4759
3843
4859
4802
1696
3901
2613
6304
2516
4270
2558
5766
5459
3925
1076
2161
2953
6222
3619
7121
2427
0483
3606
0800
6382
2295
1262
3059
1381
6392
5883
6164
1993
6110
1177
2820
0234
0565
2187
0880
2860
6772
1813
5085
6297
6182
6047
0585
2700
3583
3885
5860
2880
6797
4767
3812
4037
2294
6921
5376
1832
3166
0853
4807
6249
2428
3618
4089
4507
2087
7018
7110
6672
1560
0586
1461
3539
5341
0073
4946
5412
3810
6890
0084
3414
3537
6764
0165
4782
6199
6973
6159
0442
2603
0328
5081
1012
0774
5678
1431
1554
5490
4103
3789
4070
1782
2661
2652
4066
3836
1606
1732
4093
6831
1464
4951
6114
0948
1985
4871
4019
2020
2062
4927
4617
1072
1221
5830
5750
2073
6075
0876
7088
0702
3574
1032
0687
0640
4330
4523
4670
3056
4243
2833
0875
4011
3373
6049
5287
2975
1612
0838
2292
5312
3677
5773
2927
6124
4386
4801
6069
5527
1814
5646
3284
6607
6517
5731
0067
4724
2795
2960
1796
2487
5054
0628
3183
5186
1359
0942
0012
2222
2555
5568
6628
5247
6800
6983
3054
1358
0470
3508
6870
4117
0843
2816
0976
6784
2033
1023
1768
4950
6202
2403
4709
3509
3057
2109
7111
7129
6079
4055
6723
2744
1271
7084
0597
0276
4462
3103
1728
5474
5405
7125
5528
2982
1567
0714
2813
1886
1917
4622
6998
7094
7115
0414
2068
1256
4627
0642
0757
5642
6726
4031
3697
4986
3395
2235
2918
5644
5619
0633
5511
0352
4229
4618
7097
1904
1963
5737
6191
2156
2756
6097
5370
2562
2600
1043
6583
2687
0793
1901
4603
1436
2859
0918
3345
1238
1280
6186
4257
0223
4216
6570
3335
1079
6687
1613
4142
0286
5539
2435
1232
2686
3844
2332
2685
5595
2162
0088
0397
3860
2514
2196
2567
0510
0091
1175
5496
5326
0406
2981
4042
0579
0596
5593
1953
1471
1745
7063
0566
4575
2074
3407
3524
5892
0409
4023
0850
1748
1940
6141
7082
3966
2774
4255
1542
5569
5168
6396
5090
0011
3300
7095
3814
5832
4065
4441
3191
3157
7127
5748
0475
2773
2265
4762
6733
3434
0649
3657
0883
0191
4100
3125
4873
6025
5918
0292
5550
5903
3837
1020
1588
0387
2231
5635
3290
2581
7108
4276
6504
2935
1089
2471
0588
3744
5016
2425
5519
6048
5393
6341
5785
3068
1987
0570
0236
0681
4955
4599
3240
6089
0654
0578
4590
3511
5752
1687
6330
6154
2515
4906
5902
1783
4395
4536
4191
0119
1955
4548
6928
0001
5675
6490
2076
6600
2306
3058
1035
4210
5890
6012
6072
6720
2989
7029
6346
4637
2854
5169
4364
2573
2153
6442
4874
5325
6544
0501
0828
1990
5961
3225
2818
0729
5418
1424
4054
2814
5237
0589
4164
4931
6247
4444
0232
1106
2832
5195
4375
3315
4050
4692
5995
5655
0772
2835
2302
3627
4500
2123
3267
3735
6963
2721
2323
6653
1003
0192
0611
7123
3109
2614
1105
6478
4167
4795
5542
0422
3224
3432
2990
4948
1247
4188
0331
0647
0832
1795
0900
3999
2405
3168
5889
0745
0644
4171
4124
5928
1205
2861
2144
5210
7114
1231
2173
3899
5775
1844
2164
5431
4713
2767
1289
1633
0055
5960
0350
5394
0967
2277
6342
1721
3216
1081
5456
2660
3943
3994
7098
6380
3368
3026
3278
1070
6522
0780
4614
5430
5132
4426
3893
4267
1451
5230
6531
2645
5197
0115
2232
5214
6926
3571
6021
5246
6611
5634
1474
6566
2728
0147
0463
4449
5849
4868
4899
4484
2892
3050
3079
5643
5453
1370
5574
0462
3375
1798
6003
2710
0473
0449
1286
5523
5756
3673
6085
5454
3528
5238
6298
2577
6345
4420
2771
6476
5382
3996
4008
5357
6390
2688
1998
6929
6981
5213
6397
0481
6982
4190
3178
4204
4404
3833
1201
6901
5089
4158
1701
1708
6078
0351
1759
1065
1651
6779
4938
3415
6183
4696
5652
1594
4028
1693
5387
2622
4694
6316
3333
4334
0763
2268
0590
0117
2568
4980
1218
3065
5007
5171
0258
5865
1108
0360
2785
1704
6532
1329
0123
1885
0788
0370
3354
3186
0211
7000
1316
2680
2890
1486
1522
0254
5906
6276
2356
1699
4209
5949
0746
1722
2676
6498
2261
6422
1002
5330
2336
4150
2766
3214
0194
6043
3568
1134
2108
4114
2664
4659
0796
3258
5228
6209
1243
3847
3173
2419
5116
1566
6651
3835
1335
4745
5133
2959
0529
0072
5166
2054
1236
0494
1118
3674
2662
0643
6844
1154
6739
4661
5559
0261
3308
1050
1178
1657
2834
4789
6269
4942
0034
1322
4834
3425
5674
5183
2878
5417
5275
5300
5917
2494
0439
2444
6238
2580
5715
6214
6888
5141
0158
3158
5262
5100
2983
5555
2717
2079
2438
1585
2801
3113
1425
1407
3256
6086
6499
4879
5079
1393
3219
5144
2282
4725
1841
2140
6773
5794
4583
6449
1634
0270
5761
0444
0092
6713
0613
0459
4430
0916
3635
4624
2101
6203
0930
1809
2157
6902
3246
6038
5820
2829
5743
0885
1281
4423
5911
2541
4648
0304
3923
3551
3587
2225
3935
0476
6584
5483
4256
3535
5503
5601
6625
5708
6002
2484
7009
1947
3406
5727
4278
4620
1981
2252
1082
0392
3856
4519
6050
6604
3582
0423
5876
3875
3147
1499
1582
3668
0405
2755
4195
4754
6011
1198
5256
1497
5837
1992
2259
6228
4949
1553
4541
0250
4348
0751
1967
1470
4820
2085
3596
4319
5267
6885
3220
5985
4824
7041
2497
4719
3417
1184
3279
5346
4071
2689
6441
4566
1569
3232
0027
5038
6010
0139
6918
1030
6237
2665
2509
6513
0400
6405
4361
3957
4258
6984
4630
0197
2066
0874
2105
6706
3605
0877
6804
0508
1681
2819
4787
5480
6989
0592
0893
2868
6436
2656
4770
0638
4777
0046
1882
3841
6320
0713
1921
0239
5234
5525
1872
2605
1100
6340
3865
2147
7100
5353
5927
3027
3255
3443
6919
3231
2741
1826
5290
0313
1807
5003
5119
6582
5580
4107
5164
4111
1929
1975
1251
2520
3291
5414
1418
4168
5294
2479
3493
1757
4971
6822
6418
0691
0104
1093
7037
4907
2647
2535
0486
5625
4798
5815
0999
5011
5444
5333
5263
2518
5441
3797
6488
3226
0741
1571
4529
1710
5509
5400
0373
6650
6883
3688
0931
4182
2329
4318
0704
3044
4998
1680
2789
3154
5252
0759
6167
4144
6240
4706
2431
0541
4729
1244
2657
3013
1204
3159
0905
1239
3532
6174
2301
5862
5567
0202
2845
5489
1162
4914
6526
5113
2648
2391
1756
4296
0281
2168
7071
2811
5532
3607
4471
4456
0731
5486
1709
0185
6278
0756
1365
0427
3070
1534
4527
4377
4772
5804
3487
5104
3950
6959
0208
5880
6564
6189
1228
0079
4161
1340
6018
3758
6957
5231
1599
0855
0506
2754
5620
5162
5958
3201
3130
6439
6663
0097
1850
0078
1440
1099
0279
3764
3715
4366
0689
2905
5476
6221
2748
2619
2189
1056
0536
1062
6193
2723
3700
2409
3163
3023
0878
2826
3016
3658
5363
2360
0297
0265
1318
1591
5451
2628
6232
1357
0922
3719
7070
6360
4245
3466
3897
0901
3662
0362
0493
6631
1404
2289
0105
5970
2017
3334
7085
3883
1277
6686
4370
6534
1865
3499
6580
4109
5982
2180
2080
0903
3894
0372
1321
4894
0291
0408
3955
4700
5795
6546
6430
5753
0651
1750
5827
0610
6758
2933
1334
0531
2764
5754
1048
4525
1627
3861
4889
3106
6681
1863
4067
0906
4508
1764
0830
4783
6683
3182
3090
6664
2272
3552
5317
5666
4360
4128
5507
1146
3900
5422
4877
0141
1163
5847
6379
2681
2674
2281
4897
3447
2452
3438
1879
0466
6850
6748
1033
5730
5198
4502
5881
2118
5829
3320
6801
2991
1306
2386
3337
5105
0140
0161
7064
2898
4993
0173
4808
5565
6208
0744
5046
6284
0039
3272
2572
3143
6752
1192
1410
5254
2094
3534
6127
0411
1915
3566
4463
6907
5957
6135
5030
1387
4451
5053
4707
2349
5039
3915
4045
2591
3937
2363
5421
6774
0952
3460
1183
3997
2361
5216
5866
2249
1677
4565
0652
1176
0479
6408
0606
5934
1644
4061
3757
0057
1320
3909
6206
2598
1734
1206
1952
1007
0964
5469
5188
5893
3778
5093
4240
1279
3969
6377
2461
5978
1324
4535
1372
1516
3202
2926
4299
1924
2270
0496
0429
4975
5179
0145
0491
1078
3422
2498
3122
1042
4634
2872
5886
6148
6013
1283
6559
2853
5538
3628
5609
1103
7126
5123
5801
3459
1665
6472
0017
5782
3575
6574
3614
1727
2543
5211
2437
3953
2443
3262
4640
2658
1482
4646
0153
0235
6782
1364
4294
1503
3129
1794
3014
3328
3485
5281
3736
5419
0249
2490
0417
1285
0511
3010
0854
0697
0710
7133
0851
1373
5436
1394
4479
1269
1682
2727
2879
4073
1250
5791
6451
4283
3468
2946
4083
0786
0169
5343
6719
5945
4147
1551
5541
1114
2394
5600
5461
4538
4936
4018
3594
1480
2348
4506
4151
7073
0518
2701
1736
4363
6033
3889
5936
1650
5570
5112
5853
2198
6704
4468
3136
5142
3920
1385
2254
4418
3080
0992
3260
6516
4723
1951
0622
0183
3507
3971
2842
2399
5026
6568
6381
6675
6059
5709
6964
2330
1233
4277
3465
5484
5070
1648
5174
6940
6004
6363
4108
1313
0029
1297
4345
0259
5249
6065
3798
3313
4930
3298
0738
0682
1758
0458
6393
5530
5786
1339
5056
0061
5437
2889
3160
0340
3685
1080
6880
2151
4163
2071
4183
7054
4221
1671
1974
2132
0415
5968
2364
3874
6425
1852
2402
6113
2355
0872
2197
0245
1124
1939
5955
0471
2804
2331
2213
5630
2969
0668
3428
1309
5942
6431
1314
3863
6802
1564
1428
3227
1823
0019
0312
0341
7021
0009
4647
5296
4110
3127
0533
4705
1978
7027
0752
3549
6805
5455
7077
3717
4895
4347
5049
0785
2736
3676
5184
3402
6667
5809
0819
6112
2828
4793
4339
2897
0302
4434
5560
6835
5233
4178
4332
2404
1101
4414
0980
5836
2586
2395
5175
3496
2296
5679
2010
3367
6567
5965
0251
7048
3413
2496
2430
2631
6383
0184
3071
4580
1788
2796
0519
5694
5127
4069
5913
0551
6139
4718
4477
4355
2440
4311
6866
0363
1441
6966
4672
0676
5732
0272
4379
5172
3309
5099
3111
4043
4030
3525
4293
0038
1240
6257
5373
7062
6285
4170
4234
1331
1155
5591
0677
4608
0294
3772
2218
2950
6395
0344
3738
0552
2352
6421
1208
2095
2772
1138
2053
4106
6610
2000
4928
4924
4140
6662
1212
2174
5044
1776
6599
2321
6598
4587
3276
6702
2337
4074
6845
2850
5545
4913
3927
1190
4226
6632
1925
7068
6588
3410
0612
6448
5297
0614
5563
1215
0485
3774
1086
7099
2659
6728
1121
1456
5819
2768
6828
3755
0881
0601
5984
4943
6248
5777
0129
5529
0836
1478
6629
2407
3751
5920
0574
0114
4543
2742
6711
0178
4876
1661
3712
3000
2523
0539
5361
0718
0982
2552
5146
6529
3139
0749
1453
5500
6051
4619
5670
0217
3180
1420
2092
6877
1922
1617
6922
4890
0430
4722
6457
3520
1368
5101
5812
5311
7010
1842
2416
4676
2176
4750
4968
0919
4115
2311
5566
0869
6524
0407
1821
0663
6977
3066
5818
3531
1298
1200
5852
6388
4760
6605
6857
3474
2377
2998
5682
2638
0124
2210
5930
1660
6070
2921
3743
4192
3829
1087
6947
6462
5576
0448
0962
3749
1941
6894
3698
6673
0534
6300
2072
3947
3242
6483
5057
3490
6755
4486
2893
0120
3450
6424
2107
6520
0103
1203
3637
3100
3873
5426
6730
0911
3642
2378
6832
0679
6920
0848
0181
5909
4384
1519
5774
5843
5605
2864
4588
7124
0523
6236
6074
2192
1361
2738
1109
2243
4515
3791
6166
3114
0726
5410
6470
4148
0781
5042
6795
6022
3951
1273
1812
3327
0637
6131
6909
3919
1635
0810
5998
5944
3731
2016
4157
4135
0499
2636
0935
0567
4154
5757
5586
1526
2711
7044
2611
0833
3194
3280
1241
5947
1426
2545
3576
6246
1891
1740
4727
6775
4885
3854
4480
2239
3714
3285
2003
5573
3243
4533
2230
0950
4953
1090
0441
4136
1618
6553
2308
1769
2139
4812
3958
4816
4087
5706
1346
4058
1684
4829
3457
5844
1530
2724
4531
3710
4662
5554
4734
4516
4791
5874
3332
4374
2051
5956
2008
3131
5027
3132
1949
4483
4001
3153
5443
6493
3995
5641
0398
1245
6904
1667
1541
6179
0513
2856
5549
1120
3238
0335
0538
6286
6855
4411
6956
2753
4331
5834
0516
2045
3945
0167
3781
5102
1962
2984
4657
0688
6872
2612
3601
5336
5477
5651
5078
6144
5066
1679
0440
3431
2902
6295
4060
1753
7081
2375
2708
5531
3137
3239
3089
1458
4757
1811
4072
0287
4638
0904
2056
6419
3693
3699
1193
3249
4220
1074
5208
5226
0269
2091
4658
6317
4881
1483
0177
1017
1479
6911
5983
2939
1363
4596
1834
4337
6090
1521
5025
3165
0381
4629
1751
4274
2146
2415
4333
0618
6368
5658
3974
6763
4266
0797
6411
2521
5962
2739
2115
2797
5688
1158
4342
5001
3399
1913
5702
6934
3479
6194
5628
6146
3740
1977
0000
0527
2517
1692
5522
5018
5653
2719
0975
2134
5154
5467
5638
1053
2035
2537
4097
5933
4654
6046
6833
6941
5813
2802
5283
4656
6879
5659
3544
5499
0007
1360
2675
0665
1760
4996
3446
3665
2903
6808
3820
3053
2224
3134
4839
5736
2780
1731
3880
7002
0273
2339
5822
1539
0944
1723
2067
6128
0285
0844
5908
1179
1928
4251
1378
5760
5758
3268
1579
1133
2278
2503
1369
3362
4288
3392
4615
6215
6771
3813
6633
0987
1018
5697
1501
1597
4738
5894
3615
6547
6318
1845
1317
0100
4290
5475
2248
5540
1587
1799
0530
2547
5399
1772
0925
5798
3400
2735
3372
1565
3075
4785
3358
4632
0311
0289
2916
1010
6696
0545
6272
5307
2536
3326
7080
2359
3504
0354
2465
3987
2943
2725
4433
4186
4351
4088
4356
1859
0310
4159
2592
2148
0735
5501
1493
5349
5464
5677
0890
4392
4524
3084
5925
5612
3003
3602
0965
4578
5434
0894
3221
0625
0621
2165
0469
0826
3766
0175
1160
2141
5073
2492
6486
1536
4677
2737
3954
5227
3461
1999
2986
4743
1182
4222
7046
3799
5240
6886
1902
1374
7131
1686
1413
0865
6250
2994
5686
3867
6596
3369
6654
4485
2233
2106
3001
6694
5248
4663
1777
2965
4417
5019
6241
6791
5005
4125
3371
3445
3586
3503
0262
1173
2886
5912
2357
1623
6914
2057
0675
5118
5355
4695